2363
4018
6347
9934
11771
12506
33599
43677
53378
58042
74313
85000
87065
99269
104401
113005
133302
150768
153323
157177
167453
171021
186243
197805
224335
226171
243917
270377
328615
352328
353821
360437
381444
388602
389236
416662
417551
418699
419954
443031
465126
467860
478023
515967
530913
546991
573722
597957
605973
610988
614413
672430
684433
686209
689997
695678
745494
759860
831979
838877
841391
845733
867259
869782
873961
896613
899031
915485
918297
959763
987334
1014222
1043627
1047883
1052994
1065180
1074648
1083002
1083407
1125647
1138027
1145984
1233255
1249323
1280641
1307553
1314547
1347489
1380253
1433656
1506011
1541323
1557955
1561995
1572001
1576498
1592447
1614839
1623405
1646397
1654186
1661227
1686145
1703474
1715720
1741295
1787171
1848318
1855540
1872496
1876867
1881639
1910766
1913736
1929729
1941130
1943309
1945090
1947052
1980256
1990890
1997633
2013571
2043401
2045914
2065771
2072005
2118441
2123087
2127359
2140676
2155578
2172778
2175201
2202163
2204515
2208964
2217628
2225327
2243053
2250574
2308676
2313166
2316951
2426126
2427693
2474015
2490770
2496768
2500099
2506267
2523533
2559349
2571893
2596942
2683648
2686293
2688103
2688581
2696453
2706438
2715118
2716981
2732340
2785549
2805457
2841009
2848604
2849992
2850983
2857314
2907237
2931883
2959560
3034880
3044264
3048059
3076909
3111087
3131236
3143784
3161834
3178418
3193504
3222353
3230571
3250792
3361661
3378391
3388410
3408126
3420746
3492472
3495259
3533958
3583061
3620525
3621552
3624692
3626063
3650145
3656068
3664366
3686901
3716999
3789276
3792472
3807986
3821342
3823413
3850859
3901754
3906405
4086497
4115718
4154071
4219034
4236057
4260033
4323406
4330511
4351739
4378277
4446810
4452992
4475985
4496961
4505479
4505918
4525153
4541873
4600383
4610047
4610379
4674054
4682629
4694602
4696296
4720038
4729546
4746949
4754771
4761930
4785223
4799788
4835997
4879380
4909088
4930630
4945926
4964596
4966334
5052899
5062061
5075660
5115995
5128277
5156153
5171995
5174427
5200881
5226970
5239047
5248582
5262493
5312547
5314573
5318910
5352689
5364763
5371497
5377178
5379679
5392762
5405836
5410645
5419324
5420543
5428909
5482401
5504231
5572371
5579871
5591315
5712451
5716327
5745865
5875419
5918561
6096445
6115007
6149313
6170507
6174349
6175280
6184386
6203841
6270995
6339790
6398464
6400861
6443117
6484243
6506484
6512678
6642617
6699165
6707918
6885942
6889573
6933054
7121588
7149815
7150015
7197186
7262798
7265097
7299864
7354729
7393632
7451883
7452237
7543834
7586512
7601720
7678706
7731111
7777875
7807444
7823498
7890134
7935022
7948210
7989003
8034889
8071438
8095457
8121109
8129817
8157492
8331132
8402897
8501291
8617799
8623835
8646059
8679346
8688812
8863359
8953955
8972308
8987606
9000308
9063995
9079936
9112395
9155377
9254241
9320502
9327302
9416836
9426712
9487458
9503098
9505704
9531903
9579526
9590557
9713839
9828042
10059654
10120527
10132936
10234313
10284894
10286675
10302848
10520912
10726630
10959501
10974170
11118735
11119539
11480447
11563671
11606403
11909166
11931563
12042090
12157153
12330007
12337329
12402453
12613340
12727076
12882468
12939945
13822800
13869387
14339830
16682378
